14.487146425000219 Training_Time (s)
0.4615093180000258 Test_time (s)
98.45456354502329 Kappa accuracy (%)
98.6449864498645 Overall accuracy (%)
98.39474807632267 Average accuracy (%)
[100.          96.80933852  98.52744311 100.          99.77011494
  99.39117199 100.         100.          94.44444444  97.48571429
  99.36651584  96.25468165  99.45945946  99.91220369  98.84726225
  94.04761905] Each accuracy (%)
                              precision    recall  f1-score   support

                     Alfalfa     0.9762    1.0000    0.9880        41
                 Corn-notill     0.9834    0.9681    0.9757      1285
                Corn-mintill     0.9866    0.9853    0.9859       747
                        Corn     0.9771    1.0000    0.9884       213
               Grass-pasture     1.0000    0.9977    0.9988       435
                 Grass-trees     0.9909    0.9939    0.9924       657
         Grass-pasture-mowed     1.0000    1.0000    1.0000        25
               Hay-windrowed     1.0000    1.0000    1.0000       430
                        Oats     1.0000    0.9444    0.9714        18
              Soybean-notill     0.9704    0.9749    0.9726       875
             Soybean-mintill     0.9826    0.9937    0.9881      2210
               Soybean-clean     0.9904    0.9625    0.9763       534
                       Wheat     1.0000    0.9946    0.9973       185
                       Woods     0.9965    0.9991    0.9978      1139
Buildings-Grass-Trees-Drives     0.9942    0.9885    0.9913       347
          Stone-Steel-Towers     0.9294    0.9405    0.9349        84

                    accuracy                         0.9864      9225
                   macro avg     0.9861    0.9839    0.9849      9225
                weighted avg     0.9865    0.9864    0.9864      9225

[[  41    0    0    0    0    0    0    0    0    0    0    0    0    0
     0    0]
 [   1 1244    0    0    0    0    0    0    0    8   32    0    0    0
     0    0]
 [   0    2  736    5    0    0    0    0    0    4    0    0    0    0
     0    0]
 [   0    0    0  213    0    0    0    0    0    0    0    0    0    0
     0    0]
 [   0    0    0    0  434    0    0    0    0    0    1    0    0    0
     0    0]
 [   0    0    0    0    0  653    0    0    0    0    0    0    0    2
     2    0]
 [   0    0    0    0    0    0   25    0    0    0    0    0    0    0
     0    0]
 [   0    0    0    0    0    0    0  430    0    0    0    0    0    0
     0    0]
 [   0    0    1    0    0    0    0    0   17    0    0    0    0    0
     0    0]
 [   0   16    0    0    0    0    0    0    0  853    6    0    0    0
     0    0]
 [   0    0    0    0    0    6    0    0    0    6 2196    0    0    2
     0    0]
 [   0    0    6    0    0    0    0    0    0    8    0  514    0    0
     0    6]
 [   0    0    1    0    0    0    0    0    0    0    0    0  184    0
     0    0]
 [   0    0    1    0    0    0    0    0    0    0    0    0    0 1138
     0    0]
 [   0    3    1    0    0    0    0    0    0    0    0    0    0    0
   343    0]
 [   0    0    0    0    0    0    0    0    0    0    0    5    0    0
     0   79]]